>CACGTG	1-CACGTG	6.177716	-67.498754	0	T:104.0(20.80%),B:2583.1(5.76%),P:1e-29	Tpos:99.0,Tstd:55.1,Bpos:98.8,Bstd:76.4,StrandBias:0.0,Multiplicity:1.10
0.100	0.700	0.100	0.100
0.700	0.100	0.100	0.100
0.100	0.700	0.100	0.100
0.100	0.100	0.700	0.100
0.100	0.100	0.100	0.700
0.100	0.100	0.700	0.100
>TTTACG	2-TTTACG	1.303956	-43.329806	0	T:292.0(58.40%),B:17228.5(38.44%),P:1e-18	Tpos:100.0,Tstd:57.5,Bpos:99.4,Bstd:78.5,StrandBias:-0.1,Multiplicity:1.43
0.092	0.001	0.001	0.906
0.047	0.001	0.001	0.951
0.279	0.001	0.071	0.649
0.750	0.001	0.248	0.001
0.001	0.997	0.001	0.001
0.001	0.001	0.997	0.001
>TTCCGG	3-TTCCGG	3.669705	-39.909152	0	T:251.0(50.20%),B:14159.4(31.59%),P:1e-17	Tpos:96.6,Tstd:57.5,Bpos:98.2,Bstd:77.1,StrandBias:0.0,Multiplicity:1.56
0.001	0.001	0.001	0.997
0.001	0.001	0.001	0.997
0.048	0.823	0.001	0.128
0.001	0.997	0.001	0.001
0.001	0.001	0.997	0.001
0.001	0.202	0.715	0.082
>YTATCG	4-YTATCG	5.398078	-35.499281	0	T:125.0(25.00%),B:5305.1(11.84%),P:1e-15	Tpos:99.4,Tstd:60.3,Bpos:98.3,Bstd:77.9,StrandBias:-0.1,Multiplicity:1.12
0.232	0.364	0.001	0.403
0.246	0.001	0.070	0.683
0.685	0.001	0.079	0.235
0.001	0.001	0.001	0.997
0.001	0.929	0.001	0.069
0.001	0.001	0.997	0.001
>CGCGTG	5-CGCGTG	5.864892	-31.973409	0	T:178.0(35.60%),B:9295.5(20.74%),P:1e-13	Tpos:98.1,Tstd:56.3,Bpos:98.9,Bstd:82.7,StrandBias:0.3,Multiplicity:1.31
0.001	0.997	0.001	0.001
0.001	0.001	0.873	0.125
0.001	0.997	0.001	0.001
0.326	0.001	0.672	0.001
0.001	0.001	0.001	0.997
0.001	0.001	0.850	0.148
>MATGCG	6-MATGCG	2.994045	-27.002995	0	T:226.0(45.20%),B:13589.6(30.32%),P:1e-11	Tpos:105.3,Tstd:54.3,Bpos:99.1,Bstd:73.8,StrandBias:-0.2,Multiplicity:1.23
0.481	0.517	0.001	0.001
0.936	0.001	0.001	0.062
0.001	0.001	0.001	0.997
0.323	0.113	0.563	0.001
0.001	0.980	0.001	0.018
0.001	0.001	0.997	0.001
>TTCGYT	7-TTCGYT	5.330193	-26.593031	0	T:215.0(43.00%),B:12751.1(28.45%),P:1e-11	Tpos:96.8,Tstd:58.9,Bpos:100.8,Bstd:74.1,StrandBias:0.2,Multiplicity:1.23
0.201	0.001	0.001	0.797
0.001	0.380	0.017	0.602
0.001	0.627	0.371	0.001
0.001	0.001	0.997	0.001
0.001	0.548	0.005	0.446
0.351	0.051	0.001	0.597
>RACTAG	8-RACTAG	5.444689	-24.003502	0	T:137.0(27.40%),B:7097.5(15.84%),P:1e-10	Tpos:97.2,Tstd:57.7,Bpos:99.9,Bstd:69.5,StrandBias:-0.7,Multiplicity:1.12
0.475	0.001	0.405	0.119
0.709	0.289	0.001	0.001
0.001	0.736	0.009	0.254
0.023	0.305	0.003	0.669
0.884	0.114	0.001	0.001
0.004	0.027	0.946	0.023
>GTGAGT	9-GTGAGT	7.098770	-12.806692	0	T:95.0(19.00%),B:5318.1(11.87%),P:1e-5	Tpos:104.5,Tstd:56.7,Bpos:101.2,Bstd:73.3,StrandBias:0.4,Multiplicity:1.14
0.001	0.001	0.997	0.001
0.001	0.001	0.001	0.997
0.300	0.001	0.698	0.001
0.997	0.001	0.001	0.001
0.001	0.001	0.997	0.001
0.001	0.001	0.001	0.997
>CCCTAA	10-CCCTAA	6.360501	-12.773560	0	T:154.0(30.80%),B:9844.0(21.97%),P:1e-5	Tpos:92.1,Tstd:51.7,Bpos:100.4,Bstd:65.4,StrandBias:0.0,Multiplicity:1.30
0.142	0.856	0.001	0.001
0.001	0.997	0.001	0.001
0.001	0.997	0.001	0.001
0.001	0.001	0.001	0.997
0.580	0.252	0.001	0.167
0.997	0.001	0.001	0.001
